Zad1:
f(1.5) = 2.09032

Zad 2:
x= 4.092
f(x)= 3.06497

Zad3:
m[0] : 0.53656
m[1] : 2.52073
m[2] : 3.3177
m[3] : 4.84972

